10 0.010432
20 0.020553
30 0.0304375
40 0.0403425
50 0.05035
60 0.060388
70 0.070381
80 0.0803345
90 0.090321
100 0.10035
110 0.110357
120 0.120224
130 0.130195
140 0.140168
150 0.150163
160 0.160208
170 0.170222
180 0.18032
190 0.190376
200 0.200382
210 0.210368
220 0.220449
230 0.230527
240 0.240439
250 0.250378
260 0.260343
270 0.270413
280 0.280455
290 0.290466
300 0.300437
310 0.310272
320 0.320192
330 0.330156
340 0.34009
350 0.35019
360 0.360185
370 0.370089
380 0.380183
390 0.3902
400 0.400162
410 0.410226
420 0.42025
430 0.430311
440 0.440395
450 0.450324
460 0.460376
470 0.470315
480 0.480365
490 0.490224
500 0.50026
510 0.510253
520 0.520287
530 0.530351
540 0.540302
550 0.550297
560 0.560302
570 0.570356
580 0.580302
590 0.590249
600 0.60024
610 0.610285
620 0.620164
630 0.630102
640 0.64017
650 0.65016
660 0.660201
670 0.67007
680 0.680025
690 0.689964
700 0.699959
710 0.709942
720 0.720031
730 0.730097
740 0.740114
750 0.750066
760 0.760046
770 0.770131
780 0.780079
790 0.790068
800 0.800207
810 0.810135
820 0.820001
830 0.829895
840 0.839849
850 0.849849
860 0.859975
870 0.869977
880 0.879947
890 0.889887
900 0.899895
910 0.909946
920 0.919994
930 0.929986
940 0.940017
950 0.950046
960 0.960027
970 0.969991
980 0.979976
990 0.989967
